2
1780
2043
2041
1754
1753
1760
1764
1765
1783
1784
1785
1787
1842
1816
1813
1770
1772
1801
2082
1837
1835
1957
1956
1952
1718
2095
1824
1926
1927
1726
1721
1728
1729
1722
1723
1853
1854
1938
1738
1730
1733
1732
1734
1737
1791
2114
1867
2103
2102
2105
1893
2131
2000
2034
2127
1748
1749
2072
2071
1744
1746
1747
1740
2189
2203
2204
2213
2155
2149
2188
2137
2163
2303
2305
2405
2544
2438
2426
2512
2437
2508
2526
2227
2409
2552
2556
2541
2374
2376
2377
2292
2291
2297
2367
2366
2365
2359
2244
2242
2251
2600
2613
2611
2610
2634
2636
2659
2816
2905
2918
2919
2912
2940
2917
2914
2915
2938
2939
2936
2937
2934
2935
2932
2933
2930
2931
2929
2928
2921
2920
2923
2922
2925
2924
2927
2926
2913
2916
2945
2943
2968
2983
2987
2984
2965
2972
2973
2970
2962
2978
2979
11
10
6
7
24
27
38
30
37
35
299
250
58
532
648
336
138
707
572
565
1500
1507
1505
1526
1522
1499
1536
1489
1572
1570
1577
1574
1530
1595
1596
1593
1547
1508
1594
1517
1510
1566
1568
841
909
868
880
1210
1199
1198
1170
1129
1122
1126
1272
1038
1032
1107
1101
1031
1035
1200
1355
1308
1082
1081
970
979
1266
1019
965
961
963
1076
1096
959
1069
1088
996
1353
1189
1187
1165
1293
1201
1362
1360
1361
1372
1374
1397
1396
1483
1482
1481
1371
1373
1473
1471
1474
1466
1412
1416
1443
1407
1388
1432
1433
1430
1431
1376
1445
1444
1366
1367
1369
1653
1622
1621
1627
1625
1624
1618
1619
1610
1611
1694
1662
1651
1656
1657
1642
1632
1637
