1
3
4
1700
1701
1702
1781
2046
2047
2044
2045
2042
2048
2049
2038
1999
1998
1759
1758
1757
1756
1755
1752
1751
1750
2051
2053
2052
2055
2054
2057
2059
2058
1977
1976
1975
1974
1973
1972
1971
1970
1968
1969
1985
1769
1762
1763
1766
1767
1782
1786
1849
1848
1841
1814
1815
1817
1810
1811
1812
1818
1819
1979
1978
1775
1777
1776
1779
1778
1807
1806
1805
1804
1803
1802
1800
1809
1808
1948
1942
1940
1941
1946
1945
1990
1993
1994
1704
1705
1706
1707
1708
1996
1967
1960
1961
2088
2089
2083
2080
2081
2086
2087
2084
2085
1832
1833
1830
1831
1836
1834
1838
1839
1955
1954
1951
1950
1953
1959
1958
1719
2094
2097
2096
2091
2090
2093
2092
2099
2098
1829
1828
1825
1827
1826
1821
1820
1823
1822
1920
1921
1922
1924
1925
1928
1929
1986
1987
1727
1724
1725
1720
1897
1891
1858
1859
1850
1851
1855
1856
1857
1933
1932
1931
1930
1937
1936
1935
1934
1939
1739
1731
1736
1949
2007
1843
1847
1846
1845
1844
1947
1908
1909
1906
1907
1905
1902
1903
1901
1798
1795
1794
1703
1875
1709
1879
2050
1876
1877
1874
1872
1873
1870
1878
2110
2111
2115
2116
1919
1918
1911
1910
1913
1912
1915
1914
1917
1916
2113
2024
2025
2026
2027
2020
2021
2022
2023
2117
2028
2029
1861
1860
1863
1862
1865
1864
1866
1869
1868
2109
2108
2101
2100
2107
2104
2037
2036
2035
2033
2032
2031
1964
1965
1966
1788
1789
1963
1997
1792
1898
1899
1894
1895
1896
1890
1892
2132
2133
2002
2003
2001
2006
2004
2005
2008
2009
1790
1799
2119
1991
1889
1888
1887
1886
1885
1884
1883
1882
1881
1880
2121
2120
2123
2122
2125
2124
2019
2018
2014
2017
2016
2011
2010
2013
2012
1793
2112
1984
1982
1983
1981
1992
2126
2128
1995
2068
2069
2060
2061
2062
2063
2064
2065
2066
2067
1742
1743
1735
1980
1797
2079
2078
2073
2070
2077
2076
2075
2074
1796
1988
1989
1745
1741
1713
1712
1711
1710
1717
1716
1715
1714
2147
2146
2148
2198
2157
2190
2191
2194
2195
2196
2197
2200
2201
2202
2206
2207
2208
2209
2183
2182
2181
2180
2187
2186
2212
2210
2217
2216
2219
2218
2199
2222
2220
2221
2154
2150
2151
2152
2153
2185
2184
2145
2144
2143
2142
2141
2140
2136
2138
2139
2165
2164
2161
2160
2162
2134
2135
2156
2158
2159
2192
2193
2318
2319
2316
2317
2314
2315
2312
2313
2310
2311
2268
2269
2262
2263
2260
2261
2266
2267
2264
2442
2443
2440
2441
2447
2444
2445
2448
2449
2295
2309
2308
2301
2300
2302
2304
2306
2275
2274
2277
2276
2271
2270
2273
2272
2279
2278
2337
2459
2458
2455
2454
2457
2456
2451
2450
2453
2452
2542
2402
2446
2428
2429
2400
2420
2421
2422
2423
2424
2427
2432
2518
2519
2514
2515
2516
2517
2510
2513
2401
2230
2431
2430
2436
2435
2434
2236
2509
2506
2505
2504
2503
2502
2501
2500
2481
2464
2465
2466
2467
2462
2228
2229
2226
2224
2225
2468
2538
2539
2532
2533
2530
2531
2536
2537
2534
2535
2413
2412
2415
2414
2417
2418
2382
2239
2238
2231
2233
2232
2235
2234
2237
2525
2527
2521
2520
2523
2522
2529
2528
2411
2511
2355
2439
2433
2416
2550
2551
2554
2555
2557
2558
2559
2396
2397
2395
2392
2390
2391
2398
2399
2406
2407
2404
2408
2543
2540
2547
2546
2545
2549
2548
2381
2380
2383
2385
2384
2387
2463
2469
2288
2289
2280
2281
2282
2283
2284
2285
2286
2287
2574
2570
2571
2375
2370
2372
2373
2460
2322
2324
2461
2299
2298
2293
2290
2296
2294
2569
2568
2561
2560
2563
2562
2565
2564
2567
2566
2369
2368
2364
2363
2362
2361
2360
2490
2494
2254
2475
2474
2479
2478
2358
2352
2353
2350
2351
2356
2357
2354
2496
2345
2344
2347
2346
2341
2340
2343
2342
2349
2348
2410
2330
2331
2332
2333
2334
2335
2336
2338
2339
2488
2489
2486
2484
2485
2482
2483
2480
2248
2249
2245
2246
2247
2240
2241
2243
2403
2321
2320
2327
2326
2325
2329
2328
2499
2498
2491
2493
2492
2495
2497
2259
2258
2257
2256
2255
2253
2252
2250
2477
2476
2472
2471
2470
2425
2688
2689
2684
2685
2686
2687
2680
2682
2683
2693
2691
2690
2618
2681
2669
2604
2605
2607
2601
2602
2603
2608
2609
2616
2615
2619
2595
2599
2578
2579
2576
2594
2596
2597
2590
2591
2592
2598
2622
2623
2620
2621
2626
2627
2625
2628
2629
2692
2587
2585
2582
2581
2589
2588
2639
2638
2635
2637
2631
2630
2633
2632
2575
2648
2649
2640
2641
2642
2643
2644
2645
2646
2658
2653
2652
2651
2657
2656
2655
2654
2666
2667
2664
2665
2662
2663
2660
2668
2671
2670
2673
2672
2675
2674
2677
2676
2679
2737
2836
2860
2861
2862
2863
2866
2867
2744
2741
2740
2743
2747
2749
2748
2746
2699
2697
2696
2695
2873
2872
2871
2870
2877
2876
2875
2879
2878
2760
2792
2734
2735
2736
2730
2731
2732
2733
2738
2739
2795
2848
2849
2846
2847
2844
2845
2842
2843
2840
2841
2805
2727
2726
2725
2724
2723
2722
2721
2720
2729
2728
2859
2851
2850
2853
2855
2857
2856
2864
2865
2868
2869
2712
2713
2710
2711
2716
2717
2714
2715
2718
2719
2790
2791
2796
2793
2797
2882
2883
2880
2881
2886
2887
2884
2885
2888
2889
2742
2745
2709
2708
2705
2704
2707
2706
2701
2700
2703
2702
2895
2894
2897
2891
2890
2893
2892
2794
2778
2779
2770
2771
2772
2773
2774
2775
2776
2777
2751
2803
2896
2769
2768
2763
2762
2761
2767
2766
2765
2764
2758
2759
2756
2757
2754
2755
2752
2753
2750
2698
2694
2874
2858
2852
2828
2829
2824
2825
2826
2827
2820
2821
2822
2823
2854
2839
2838
2837
2835
2834
2833
2832
2831
2815
2814
2819
2818
2798
2799
2808
2809
2802
2800
2801
2806
2807
2804
2830
2785
2784
2787
2786
2781
2780
2783
2782
2789
2788
2817
2811
2810
2813
2812
2899
2898
2908
2910
2911
2903
2902
2901
2900
2904
2906
2909
2941
2951
2954
2955
2956
2957
2953
2949
2948
2947
2946
2944
2942
2950
2958
2959
2964
2967
2966
2998
2992
2993
2994
2995
2996
2997
2989
2988
2982
2981
2980
2986
2985
2971
2976
2977
2969
2961
2960
2963
2974
2975
2990
2991
13
12
15
14
17
16
18
9
8
26
22
23
28
29
33
32
34
344
345
346
347
340
341
342
343
348
349
298
296
297
294
295
292
293
290
291
270
271
272
273
274
275
276
277
278
279
108
109
102
103
100
101
106
107
104
105
99
98
91
90
95
94
97
96
559
558
555
554
557
556
551
550
553
552
511
510
513
512
514
689
688
685
684
687
686
681
680
683
682
458
621
407
406
405
404
403
402
401
400
409
408
453
454
455
379
378
371
370
373
372
375
374
377
376
393
392
391
390
397
396
395
394
399
398
245
244
247
246
241
240
243
242
249
248
179
178
177
176
175
174
173
172
171
170
659
692
693
690
696
697
694
695
698
699
542
543
540
541
546
547
544
545
548
549
414
415
416
417
410
411
412
413
418
419
368
369
366
367
364
365
362
363
360
361
380
381
382
383
384
385
386
387
388
389
258
259
252
253
251
256
257
254
255
168
169
164
165
166
167
160
161
162
163
678
679
670
671
608
59
55
54
57
56
51
50
53
52
537
536
535
534
533
531
530
539
538
429
428
421
420
423
422
425
424
427
426
229
227
226
225
224
221
151
150
153
152
155
154
157
156
159
158
524
525
526
527
520
521
522
523
528
529
438
439
436
437
434
435
432
433
430
431
238
239
234
235
236
237
230
231
232
233
146
147
144
145
142
143
140
141
148
149
519
518
517
623
622
620
627
626
625
624
629
628
201
200
203
202
205
204
207
206
209
60
61
62
63
64
65
66
67
68
69
508
509
507
505
501
632
633
636
637
638
639
465
216
214
215
212
213
210
211
218
663
662
506
605
604
607
606
601
600
603
602
609
634
635
464
467
466
460
489
488
487
486
485
483
482
481
480
199
198
195
194
197
196
191
190
193
192
618
619
612
613
610
611
616
617
614
615
498
499
494
495
496
490
491
182
183
180
181
186
184
185
188
189
77
76
75
74
73
72
71
79
78
669
668
667
665
664
319
318
313
312
311
310
317
316
315
314
630
631
646
674
675
676
677
672
673
308
309
300
301
305
306
473
470
471
476
477
666
713
712
711
710
661
660
591
590
593
592
595
594
597
596
599
598
449
448
443
442
441
440
447
446
445
444
641
640
643
642
645
644
647
649
339
338
335
334
337
331
330
333
332
133
132
131
130
137
136
135
134
139
708
709
704
705
706
700
701
702
703
88
89
82
83
80
81
86
87
84
85
586
587
584
585
582
583
580
581
588
589
459
450
451
452
456
457
656
657
654
655
652
653
650
651
658
516
322
323
320
321
326
327
324
325
328
329
120
121
122
123
124
125
126
127
128
129
579
578
573
571
570
577
576
575
574
469
468
461
463
462
357
356
355
354
353
352
351
350
359
358
289
288
281
280
283
282
285
284
263
262
261
260
267
266
265
264
269
268
114
117
116
111
110
113
112
119
118
484
568
569
560
561
562
563
564
566
567
472
48
49
46
47
44
45
42
43
40
41
474
475
478
479
1579
1578
1502
1503
1501
1506
1504
1548
1549
1601
1600
1602
1555
1554
1551
1550
1552
1557
1524
1544
1525
1545
1523
1490
1492
1493
1494
1496
1498
1487
1486
1485
1488
1535
1534
1571
1576
1575
1532
1589
1583
1580
1581
1584
1585
1597
1591
1590
1599
1511
1497
1521
1561
1533
1531
1529
1546
1520
1542
1540
1539
1538
1541
1592
1519
1518
1514
1516
1513
1512
1563
1564
1565
1569
809
808
803
802
801
800
807
806
805
804
810
797
796
795
794
793
792
791
790
799
798
784
785
786
787
780
781
782
783
788
789
753
752
751
750
757
756
755
754
759
758
740
741
742
743
744
745
746
747
748
749
775
774
777
776
771
770
773
772
779
778
768
769
762
763
760
761
766
767
764
765
719
718
717
716
715
714
731
730
733
732
735
734
737
736
739
738
726
727
724
725
722
723
720
721
728
729
879
873
895
818
811
813
814
815
816
817
939
938
933
932
931
930
937
936
935
934
829
828
825
824
827
826
821
820
823
822
928
929
920
922
923
924
925
926
927
832
833
830
831
836
837
834
835
838
839
919
918
915
914
917
916
911
910
912
847
846
845
844
843
842
840
849
848
902
903
900
901
906
907
904
905
908
854
855
850
851
852
853
858
859
869
863
864
883
882
881
887
886
885
884
889
888
878
876
877
874
875
872
870
871
890
891
892
893
894
896
897
898
899
951
950
953
952
955
954
957
956
948
949
946
947
945
942
943
940
941
1001
1191
1190
1194
1197
1196
1177
1176
1175
1174
1173
1172
1171
1179
1178
1285
1284
1287
1281
1280
1283
1282
1003
1289
1288
1226
1224
1223
1222
1221
1220
1342
1346
1347
1227
1142
1143
1140
1141
1146
1144
1145
1149
1157
1156
1151
1150
1153
1152
1128
1120
1121
1123
1124
1125
1127
1014
1015
1016
1017
1012
1013
1234
1235
1236
1237
1230
1231
1232
1233
1238
1239
1270
1271
1139
1138
1133
1132
1131
1130
1137
1136
1135
1134
1276
1277
1009
1008
1007
1006
1005
1004
1002
1000
1225
1229
1228
1286
1039
1030
1212
1213
1216
1217
1218
1219
1106
1104
1105
1102
1103
1100
1108
1109
1033
1025
1024
1027
1021
1020
1023
1022
1036
1029
1028
1037
1034
1205
1204
1206
1203
1202
1211
1214
1215
1111
1110
1113
1112
1115
1114
1117
1119
1118
1357
1354
1050
1051
1052
1053
1054
1055
1056
1057
1058
1059
1278
1279
1304
1305
1306
1307
1300
1301
1302
1303
1309
972
1087
1086
1085
1084
1083
977
976
975
974
973
971
1080
978
1043
1042
1041
1040
1047
1046
1045
1044
1049
1048
1269
1268
1262
1267
1265
1264
1018
1317
1316
1315
1314
1313
1312
1311
1310
1319
1318
1010
1011
1335
1334
1337
1336
1331
1330
1333
1332
964
966
967
960
962
968
969
1241
1240
1243
1242
1245
1244
1247
1249
1078
1079
1075
1072
1073
1070
1071
1094
1095
1097
1090
1092
1093
1098
1099
1322
1323
1320
1321
1326
1327
1324
1325
1328
1329
1256
1257
1254
1255
1252
1253
1250
1251
1258
1259
958
1263
1261
1260
1068
1061
1060
1063
1062
1065
1064
1067
1066
1089
1339
1338
1246
1248
1026
1349
1348
1343
1344
1345
1340
1341
995
994
997
991
990
993
992
999
998
1209
1359
1358
1352
1351
1350
1356
1273
1274
1116
988
989
982
983
980
981
986
987
984
985
1188
1186
1184
1185
1182
1183
1180
1181
1164
1162
1163
1169
1298
1299
1292
1290
1291
1296
1297
1294
1295
1364
1365
1363
1375
1377
1439
1379
1378
1384
1385
1386
1387
1382
1383
1399
1398
1395
1394
1393
1392
1391
1390
1480
1484
1370
1458
1459
1449
1448
1454
1455
1456
1457
1450
1451
1452
1453
1472
1470
1476
1477
1475
1478
1479
1464
1469
1468
1465
1467
1461
1460
1463
1418
1419
1410
1411
1413
1414
1415
1417
1442
1440
1409
1408
1403
1402
1401
1400
1406
1405
1404
1462
1389
1436
1437
1434
1435
1380
1438
1381
1421
1420
1423
1422
1425
1424
1427
1426
1429
1428
1447
1446
1441
1368
1655
1623
1626
1629
1617
1614
1613
1679
1609
1603
1605
1604
1606
1628
1696
1697
1695
1692
1693
1691
1681
1680
1683
1685
1684
1687
1686
1689
1688
1678
1675
1677
1671
1672
1669
1667
1666
1665
1664
1663
1661
1660
1658
1659
1652
1650
1654
1645
1644
1647
1641
1640
1643
1649
1648
1630
1631
1634
1636
1639
